function create_full_figure()
    
    data_predict_enant = [21.983100044444445 16.1156 10.392799999999998 5.068700000000001 28.688672 18.721431199999998 59.64140000000001 54.40610000000001 17.85021754705882 21.9665 14.879599999999998 37.048500000000004 48.6985498 65.1674 7.470599999999999 9.8268 13.643699999999999 11.8681 11.422699999999999 23.805672 11.2771 13.748099999999999 18.2638 18.3067 23.885543800000004 20.937992399999988 54.82120000000002 10.58890001904762 15.5135175 67.84880000000003 47.8438 13.529131200000021 6.137848718181818 64.12539999999991 6.918700590995379 8.11408475833333 16.096289499999997 47.48680000000006 16.267799999999998 12.213099999999999 11.3688 5.644280600000003 42.67488149999999 22.249800064327488 34.2732004 39.597 6.231300070769231 41.58720000000003 16.601600000000023 13.425000102392344 50.4096615 9.314631199999999 15.792000019047618 16.8728563 19.523799999999998 31.602100000000004 64.7286 26.937500000000014 23.59493120000002 24.293100000000024 72.0708 8.2087 3.9066000000000027 36.52400000000003 32.27371905714284 24.19410008 55.92 9.728659520000017 2.130700825026777 33.29718060000003 56.40740000000001 7.736048391666667 22.35808155072464 83.32700000000001 75.04188459999999 55.033100000000005 52.92385259999999 47.86 16.601600000000023 43.3873 14.475400122509305 1.9733999999999972 32.35339999999999 9.128407800000009 32.18680000000004 46.1350095 1.136399999999998 7.204784899999989 49.9639 39.071000000000005 13.018800063157894 29.638100017391285 2.934200940807078 12.459874100000011 56.04390950000001 9.732600000000001 26.257900104327486 33.886123599999976 38.7204 12.956315821052637 30.308780639999963 47.16443639999999 52.33880000000001 49.04130000000001 40.118100000000005 4.664500022222217 4.129100336995519 5.040400578969656 48.39059999999999 12.489300519045907 4.711700594585577 20.9114253 23.498784600000004 6.192000607487792 36.9935 13.765631271846281 36.86895630000005 7.293600097874491 45.3560012 7.293380600000009 6.112922599999999 3.4983806200000034 39.12518059999998 32.3093 31.99449340000003 9.7442483 58.6174 8.582100202836653 44.118252599999984 45.9255 9.59992629999999 5.818700040000007 46.6292 45.55398463076922 8.574499999999999 7.95154000000001 37.058099999999946 16.656700137142856 6.904100025000002 29.55020002 11.726268950427357 11.033352000000004 15.2896 31.800299999999996 25.6693095 10.557200146753246 40.59090004210526 2.717701100300877 11.987217630987095 14.708361199999983 33.139800000000065 10.72000021904762 38.43609999999998 71.2330843 1.5057000000000023 14.345584962688235 3.4124999999999983 10.261800000000001 39.8064 2.815500524269343 27.021000138919412 2.6118491382650633 20.082399999999982 28.4121 10.494274694661677 3.3999890540683113 10.184900000000013 6.051800000000003 43.73060042 21.944780600000023 12.714599999999997 22.579300000000003 7.896199999999993 37.79527000000003 33.9981 20.658499999999975 25.09693119999997 5.492869282142854 4.380117499999993 26.043900334478113 71.0532 11.927735999999989 10.1965 5.621817525 28.880600000000012 7.4162000000000114 24.278799999999993 12.245700199999996 5.368759586666664 30.349500000000024 5.333114141711232 49.1084 5.2893001396277395 33.47753089999999 4.0050706792474555 57.9516 61.735499999999995 23.505100053333337 8.79030046900955 52.20096720000001 10.006969342508416 64.5276095 52.7697 4.450800000000002 3.97659786764226 1.9662338985512775 40.34080000000005 17.037300000000002 52.4979 5.3469 20.116984600000002 20.469300063157895 3.4028000000000027 54.517792400000005 35.56429999999998 57.9516 17.56227 16.0741806 33.223600000000005 47.58559999999999 4.016748299999997 62.32827003076923 1.0074000571428559 20.9749846 13.195600022222223 4.075485043481903 74.17940000000002 10.28109999999999 31.510199999999976 31.896100000000033 28.933200000000003 24.700699999999998 33.29718060000003 22.761036000000004 36.274899999999995 11.241431240000002 72.64685630000001 1.136399999999998 8.223009699999993 29.3367 24.813531242105263 23.089100019047613 48.431000000000004 10.264800000000001 44.084300000000056 35.28150000000006 39.4257 8.09890000000001 34.036 5.3629451249797695 27.855599999999995 14.893900000000016 58.538799999999995 10.520600000000012 7.616880617391298 2.643800000000003 33.46023135333333 52.55309999999999 6.775400022222222 38.432800000000064 12.303369199999986 33.88830000000003 20.592499999999973 14.2625021 5.965000061538462 4.910100000000005 10.421000000000014 30.215700000000037 71.0532 15.028100150017348 41.9581 42.66009999999997 7.2815029 22.629409499999998 75.04188459999999 12.98524833818182 3.0842706207920516 11.80380981319112 12.664499999999986 7.2893000000000026 18.606099999999998 10.873200000000011 10.892900099496567 28.148656624999997 18.0763 38.501099999999994 8.4224 43.37390000000001 39.0298 15.525799999999979 40.5928926 8.825050442105253 49.212799999999994 7.539399999999988 40.80860000000004 65.18420000000002 30.5598 13.773084599999997 13.78489011818183 9.4809 23.85296999999998 40.98378461999996 57.558 2.435200728569296 65.55360000000002 26.517799999999998 50.26380000000007 57.404799999999994 63.82410000000001 44.3310701 16.6902099 11.351436999999999 7.680600130994152 19.9116 21.944780600000023 26.939800000000037 3.5887999999999973 13.125800000000002 18.54459999999998 3.868900000000005 31.7441 23.519099999999977 39.692181500000004 4.541700017391303 14.111431822190623 21.944780600000023 4.991000084210526 42.45866704210523 17.622080619999984 12.87930000000001 10.642034399999995 47.4112 26.267200000000003 7.2145999999999955 26.50529999999999 20.41837 51.2663941 21.6058 57.3094 28.399000000000033 7.501169999999999 7.856599999999993 18.039599999999997 4.4457760999999945 53.1431 64.91820000000001 69.7279002 25.869100109157507 20.833800000000018 9.4829 46.01790000000002 7.5035564 37.22350000000004 71.4164756 6.012699999999998 6.526431325714283 6.87360031787893 19.982270092898915 33.587 38.23 61.4639 27.8349563 31.1815 8.6538433 76.84320028484855 29.916499999999978 66.14290000000001 5.810671999999998 14.193472144689931 17.136984599999998 33.4567 7.669300000000002 42.269700000000036 8.25790002 33.5973 13.494872018181836 6.394150000000007 9.394624646753238 18.353800019999998 70.175 70.2563 24.950031199999998 35.92170000000001 11.7764483 62.678117537391316 8.005600061538463 8.69510006 12.472700000000001 35.6661483 34.19580000000002 46.77450000000001 29.1446 21.944780600000023 5.070780600000004 7.034200171606335 4.757031257142859 45.29648460000001 2.3152000615384645 39.76023122962963 33.954 16.7323 34.152040899999996 37.816899999999976 9.518831200000001 6.03918620948459 66.55326229999999 11.620648299999997 19.6412806 7.409947000000001 2.394333647521426 55.8074 16.53070000000001 15.309800205559146 6.302012966666666 54.71060010705882 34.490300000000005 7.606900000000003 66.6424 6.029831352874494 24.319231264327485 8.589600000000008 46.653400000000005 50.04859999999999 51.9731 2.393700906221608 14.322109500000002 46.02910000000001 50.5395 19.204900000000016 69.2558 9.869365648851655 6.189200000000005 12.022700022222205 14.422999999999986 2.3661000706766924 14.952600228918794 5.677500167222223 4.477400901822537 13.355800030769228 60.4595 38.1704 63.4722 3.490848497353573 54.65237199999999 6.918599999999993 48.1047 32.43608059999999 68.673572 42.23380000000001 8.48970061822209 42.29210000000001 8.269599999999999 9.260817500000009 10.61670000000001 47.42081900000001 40.2379546 5.781517499999992 58.537000000000006 19.433799999999998 3.696449321256517 69.9508];
